
KERNEL: booting...
===========================================================
HellfireOS v2.19.03 (4.9.3) [Jun 20 2019, 15:28:44]
Embedded Systems Group - GSE, PUCRS - [2007 - 2019]
===========================================================

arch:          mips/plasma
sys clk:       25000 kHz
time slice:    10480 us
heap size:     500000 bytes
max tasks:     30

HAL: _vm_init()
HAL: _sched_init()
HAL: _timer_init()
HAL: _irq_init()
HAL: _device_init()
KERNEL: this is core #1
KERNEL: NoC queue init, 64 packets
KERNEL: NoC driver registered
HAL: _task_init()
KERNEL: [idle task], id: 0, p:0, c:0, d:0, addr: 100002b4, sp: 100143b8, ss: 1024 bytes[1,1] [2,1] [3,1] [3,2] [3,3] [3,4] [3,5] [4,5] [5,5] [6,5] [7,5] [7,6] [7,7] [7,8] [7,9] [6,9] [5,9] [4,9] [3,9] [3,10] [3,11] [2,11] [1,11] [1,12] [1,13] [1,14] [1,15] [1,16] [1,17] [2,17] [3,17] [4,17] [5,17] [5,16] [5,15] [6,15] [7,15] [7,14] [7,13] [6,13] [5,13] [5,12] [5,11] [6,11] [7,11] [8,11] [9,11] [9,12] [9,13] [9,14] [9,15] [9,16] [9,17] [8,17] [7,17] [7,18] [7,19] [8,19] [9,19] 
OK!
[1,1] [2,1] [3,1] [4,1] [5,1] [5,2] [5,3] [4,3] [3,3] [3,4] [3,5] [3,6] [3,7] [3,8] [3,9] [3,10] [3,11] [3,12] [3,13] [2,13] [1,13] [1,14] [1,15] [1,16] [1,17] [1,18] [1,19] [2,19] [3,19] [3,20] [3,21] [2,21] [1,21] [1,22] [1,23] [1,24] [1,25] [1,26] [1,27] [1,28] [1,29] [1,30] [1,31] [2,31] [3,31] [4,31] [5,31] [6,31] [7,31] [7,30] [7,29] [6,29] [5,29] [5,28] [5,27] [5,26] [5,25] [6,25] [7,25] [7,24] [7,23] [7,22] [7,21] [7,20] [7,19] [8,19] [9,19] [9,20] [9,21] [10,21] [11,21] [11,22] [11,23] [10,23] [9,23] [9,24] [9,25] [10,25] [11,25] [11,26] [11,27] [12,27] [13,27] [13,26] [13,25] [13,24] [13,23] [13,22] [13,21] [14,21] [15,21] [16,21] [17,21] [17,22] [17,23] [18,23] [19,23] [19,24] [19,25] [19,26] [19,27] [18,27] [17,27] [17,26] [17,25] [16,25] [15,25] [15,26] [15,27] [15,28] [15,29] [15,30] [15,31] [16,31] [17,31] [18,31] [19,31] [20,31] [21,31] [21,32] [21,33] [21,34] [21,35] [20,35] [19,35] [19,34] [19,33] [18,33] [17,33] [17,34] [17,35] [16,35] [15,35] [15,34] [15,33] [14,33] [13,33] [13,32] [13,31] [12,31] [11,31] [11,30] [11,29] [10,29] [9,29] [9,30] [9,31] [9,32] [9,33] [10,33] [11,33] [11,34] [11,35] [11,36] [11,37] [12,37] [13,37] [14,37] [15,37] [16,37] [17,37] [18,37] [19,37] [19,38] [19,39] [20,39] [21,39] [21,38] [21,37] [22,37] [23,37] [23,36] [23,35] [24,35] [25,35] [25,34] [25,33] [24,33] [23,33] [23,32] [23,31] [23,30] [23,29] [24,29] [25,29] [26,29] [27,29] [27,28] [27,27] [26,27] [25,27] [25,26] [25,25] [25,24] [25,23] [26,23] [27,23] [28,23] [29,23] [29,24] [29,25] [29,26] [29,27] [29,28] [29,29] [29,30] [29,31] [28,31] [27,31] [27,32] [27,33] [28,33] [29,33] [29,34] [29,35] [29,36] [29,37] [29,38] [29,39] [29,40] [29,41] [29,42] [29,43] [28,43] [27,43] [27,44] [27,45] [28,45] [29,45] [29,46] [29,47] [28,47] [27,47] [26,47] [25,47] [24,47] [23,47] [23,48] [23,49] [24,49] [25,49] [26,49] [27,49] [28,49] [29,49] 
OK!

summary: 2 of 15 solved

read_us: 848577

KERNEL: panic [task 0] - execution aborted -> system halted.
