
KERNEL: booting...
===========================================================
HellfireOS v2.19.03 (4.9.3) [Jun 20 2019, 19:18:18]
Embedded Systems Group - GSE, PUCRS - [2007 - 2019]
===========================================================

arch:          mips/plasma
sys clk:       25000 kHz
time slice:    10480 us
heap size:     500000 bytes
max tasks:     30

HAL: _vm_init()
HAL: _sched_init()
HAL: _timer_init()
HAL: _irq_init()
HAL: _device_init()
KERNEL: this is core #2
KERNEL: NoC queue init, 64 packets
KERNEL: NoC driver registered
HAL: _task_init()
KERNEL: [idle task], id: 0, p:0, c:0, d:0, addr: 100002b4, sp: 100143b8, ss: 1024 bytes[1,1] [2,1] [3,1] [3,2] [3,3] [3,4] [3,5] [4,5] [5,5] [5,4] [5,3] [6,3] [7,3] [7,2] [7,1] [8,1] [9,1] [9,2] [9,3] [9,4] [9,5] [9,6] [9,7] [9,8] [9,9] [9,10] [9,11] [8,11] [7,11] [7,12] [7,13] [8,13] [9,13] [9,14] [9,15] [8,15] [7,15] [6,15] [5,15] [4,15] [3,15] [3,16] [3,17] [3,18] [3,19] [4,19] [5,19] [6,19] [7,19] [8,19] [9,19] 
OK!
[1,1] [1,2] [1,3] [2,3] [3,3] [3,2] [3,1] [4,1] [5,1] [5,2] [5,3] [6,3] [7,3] [7,2] [7,1] [8,1] [9,1] [10,1] [11,1] [12,1] [13,1] [13,2] [13,3] [14,3] [15,3] [16,3] [17,3] [17,4] [17,5] [18,5] [19,5] [19,6] [19,7] [19,8] [19,9] [20,9] [21,9] [21,10] [21,11] [20,11] [19,11] [19,12] [19,13] [18,13] [17,13] [16,13] [15,13] [15,14] [15,15] [14,15] [13,15] [13,14] [13,13] [13,12] [13,11] [12,11] [11,11] [11,12] [11,13] [10,13] [9,13] [9,14] [9,15] [10,15] [11,15] [11,16] [11,17] [10,17] [9,17] [8,17] [7,17] [7,18] [7,19] [6,19] [5,19] [5,18] [5,17] [5,16] [5,15] [4,15] [3,15] [3,14] [3,13] [2,13] [1,13] [1,14] [1,15] [1,16] [1,17] [2,17] [3,17] [3,18] [3,19] [2,19] [1,19] [1,20] [1,21] [1,22] [1,23] [2,23] [3,23] [4,23] [5,23] [6,23] [7,23] [7,22] [7,21] [8,21] [9,21] [9,22] [9,23] [10,23] [11,23] [11,22] [11,21] [12,21] [13,21] [13,22] [13,23] [14,23] [15,23] [15,22] [15,21] [15,20] [15,19] [14,19] [13,19] [13,18] [13,17] [14,17] [15,17] [16,17] [17,17] [17,18] [17,19] [17,20] [17,21] [18,21] [19,21] [20,21] [21,21] [21,20] [21,19] [20,19] [19,19] [19,18] [19,17] [20,17] [21,17] [22,17] [23,17] [24,17] [25,17] [25,18] [25,19] [25,20] [25,21] [25,22] [25,23] [26,23] [27,23] [27,22] [27,21] [27,20] [27,19] [28,19] [29,19] [29,20] [29,21] [29,22] [29,23] [29,24] [29,25] [28,25] [27,25] [27,26] [27,27] [26,27] [25,27] [25,28] [25,29] [26,29] [27,29] [28,29] [29,29] [29,30] [29,31] [28,31] [27,31] [27,32] [27,33] [26,33] [25,33] [25,32] [25,31] [24,31] [23,31] [23,32] [23,33] [23,34] [23,35] [22,35] [21,35] [21,34] [21,33] [21,32] [21,31] [20,31] [19,31] [19,32] [19,33] [18,33] [17,33] [17,32] [17,31] [17,30] [17,29] [16,29] [15,29] [14,29] [13,29] [12,29] [11,29] [11,30] [11,31] [10,31] [9,31] [8,31] [7,31] [7,30] [7,29] [7,28] [7,27] [8,27] [9,27] [9,26] [9,25] [8,25] [7,25] [6,25] [5,25] [4,25] [3,25] [2,25] [1,25] [1,26] [1,27] [1,28] [1,29] [2,29] [3,29] [3,30] [3,31] [4,31] [5,31] [5,32] [5,33] [4,33] [3,33] [2,33] [1,33] [1,34] [1,35] [2,35] [3,35] [4,35] [5,35] [6,35] [7,35] [7,34] [7,33] [8,33] [9,33] [10,33] [11,33] [11,34] [11,35] [10,35] [9,35] [9,36] [9,37] [9,38] [9,39] [10,39] [11,39] [11,40] [11,41] [11,42] [11,43] [11,44] [11,45] [11,46] [11,47] [12,47] [13,47] [13,48] [13,49] [14,49] [15,49] [15,48] [15,47] [16,47] [17,47] [17,46] [17,45] [18,45] [19,45] [19,46] [19,47] [20,47] [21,47] [22,47] [23,47] [24,47] [25,47] [25,46] [25,45] [26,45] [27,45] [27,46] [27,47] [27,48] [27,49] [28,49] [29,49] 
OK!

summary: 2 of 15 solved

read_us: 850191

KERNEL: panic [task 0] - execution aborted -> system halted.
