
KERNEL: booting...
===========================================================
HellfireOS v2.19.03 (4.9.3) [Jun 20 2019, 15:28:59]
Embedded Systems Group - GSE, PUCRS - [2007 - 2019]
===========================================================

arch:          mips/plasma
sys clk:       25000 kHz
time slice:    10480 us
heap size:     500000 bytes
max tasks:     30

HAL: _vm_init()
HAL: _sched_init()
HAL: _timer_init()
HAL: _irq_init()
HAL: _device_init()
KERNEL: this is core #4
KERNEL: NoC queue init, 64 packets
KERNEL: NoC driver registered
HAL: _task_init()
KERNEL: [idle task], id: 0, p:0, c:0, d:0, addr: 100002b4, sp: 100143b8, ss: 1024 bytes[1,1] [2,1] [3,1] [3,2] [3,3] [2,3] [1,3] [1,4] [1,5] [2,5] [3,5] [4,5] [5,5] [5,6] [5,7] [4,7] [3,7] [2,7] [1,7] [1,8] [1,9] [1,10] [1,11] [1,12] [1,13] [1,14] [1,15] [1,16] [1,17] [1,18] [1,19] [2,19] [3,19] [3,18] [3,17] [4,17] [5,17] [6,17] [7,17] [7,16] [7,15] [8,15] [9,15] [9,16] [9,17] [9,18] [9,19] 
OK!
[1,1] [1,2] [1,3] [1,4] [1,5] [1,6] [1,7] [2,7] [3,7] [4,7] [5,7] [5,6] [5,5] [5,4] [5,3] [5,2] [5,1] [6,1] [7,1] [7,2] [7,3] [7,4] [7,5] [8,5] [9,5] [9,4] [9,3] [9,2] [9,1] [10,1] [11,1] [12,1] [13,1] [14,1] [15,1] [16,1] [17,1] [17,2] [17,3] [17,4] [17,5] [17,6] [17,7] [18,7] [19,7] [19,6] [19,5] [20,5] [21,5] [22,5] [23,5] [23,4] [23,3] [23,2] [23,1] [24,1] [25,1] [25,2] [25,3] [26,3] [27,3] [27,4] [27,5] [26,5] [25,5] [25,6] [25,7] [25,8] [25,9] [26,9] [27,9] [27,8] [27,7] [28,7] [29,7] [29,8] [29,9] [29,10] [29,11] [28,11] [27,11] [27,12] [27,13] [26,13] [25,13] [25,12] [25,11] [24,11] [23,11] [23,10] [23,9] [23,8] [23,7] [22,7] [21,7] [21,8] [21,9] [21,10] [21,11] [20,11] [19,11] [18,11] [17,11] [17,12] [17,13] [18,13] [19,13] [19,14] [19,15] [18,15] [17,15] [17,16] [17,17] [16,17] [15,17] [15,18] [15,19] [15,20] [15,21] [14,21] [13,21] [12,21] [11,21] [10,21] [9,21] [9,20] [9,19] [8,19] [7,19] [7,18] [7,17] [7,16] [7,15] [6,15] [5,15] [5,16] [5,17] [4,17] [3,17] [3,16] [3,15] [3,14] [3,13] [3,12] [3,11] [3,10] [3,9] [2,9] [1,9] [1,10] [1,11] [1,12] [1,13] [1,14] [1,15] [1,16] [1,17] [1,18] [1,19] [2,19] [3,19] [3,20] [3,21] [3,22] [3,23] [3,24] [3,25] [2,25] [1,25] [1,26] [1,27] [1,28] [1,29] [2,29] [3,29] [3,28] [3,27] [4,27] [5,27] [6,27] [7,27] [7,26] [7,25] [6,25] [5,25] [5,24] [5,23] [5,22] [5,21] [6,21] [7,21] [7,22] [7,23] [8,23] [9,23] [10,23] [11,23] [11,24] [11,25] [11,26] [11,27] [10,27] [9,27] [9,28] [9,29] [10,29] [11,29] [12,29] [13,29] [13,28] [13,27] [13,26] [13,25] [13,24] [13,23] [14,23] [15,23] [16,23] [17,23] [17,22] [17,21] [17,20] [17,19] [18,19] [19,19] [19,18] [19,17] [20,17] [21,17] [21,18] [21,19] [21,20] [21,21] [21,22] [21,23] [22,23] [23,23] [23,22] [23,21] [23,20] [23,19] [23,18] [23,17] [23,16] [23,15] [24,15] [25,15] [26,15] [27,15] [27,16] [27,17] [27,18] [27,19] [26,19] [25,19] [25,20] [25,21] [25,22] [25,23] [25,24] [25,25] [25,26] [25,27] [25,28] [25,29] [25,30] [25,31] [26,31] [27,31] [27,32] [27,33] [26,33] [25,33] [25,34] [25,35] [26,35] [27,35] [27,36] [27,37] [28,37] [29,37] [29,38] [29,39] [28,39] [27,39] [26,39] [25,39] [25,38] [25,37] [24,37] [23,37] [22,37] [21,37] [20,37] [19,37] [19,38] [19,39] [20,39] [21,39] [22,39] [23,39] [23,40] [23,41] [22,41] [21,41] [21,42] [21,43] [22,43] [23,43] [23,44] [23,45] [24,45] [25,45] [26,45] [27,45] [27,44] [27,43] [27,42] [27,41] [28,41] [29,41] [29,42] [29,43] [29,44] [29,45] [29,46] [29,47] [29,48] [29,49] 
OK!

summary: 2 of 15 solved

read_us: 850157

KERNEL: panic [task 0] - execution aborted -> system halted.
