
KERNEL: booting...
===========================================================
HellfireOS v2.19.03 (4.9.3) [Jun 20 2019, 14:54:45]
Embedded Systems Group - GSE, PUCRS - [2007 - 2019]
===========================================================

arch:          mips/plasma
sys clk:       25000 kHz
time slice:    10480 us
heap size:     500000 bytes
max tasks:     30

HAL: _vm_init()
HAL: _sched_init()
HAL: _timer_init()
HAL: _irq_init()
HAL: _device_init()
KERNEL: this is core #7
KERNEL: NoC queue init, 64 packets
KERNEL: NoC driver registered
HAL: _task_init()
KERNEL: [idle task], id: 0, p:0, c:0, d:0, addr: 100002b4, sp: 100143b8, ss: 1024 bytes[1,1] [1,2] [1,3] [2,3] [3,3] [3,2] [3,1] [4,1] [5,1] [5,2] [5,3] [5,4] [5,5] [6,5] [7,5] [7,4] [7,3] [7,2] [7,1] [8,1] [9,1] [10,1] [11,1] [11,2] [11,3] [10,3] [9,3] [9,4] [9,5] [9,6] [9,7] [8,7] [7,7] [6,7] [5,7] [4,7] [3,7] [3,8] [3,9] [2,9] [1,9] [1,10] [1,11] [2,11] [3,11] [4,11] [5,11] [5,10] [5,9] [6,9] [7,9] [8,9] [9,9] [9,10] [9,11] [9,12] [9,13] [10,13] [11,13] [12,13] [13,13] [13,12] [13,11] [12,11] [11,11] [11,10] [11,9] [12,9] [13,9] [13,8] [13,7] [12,7] [11,7] [11,6] [11,5] [12,5] [13,5] [14,5] [15,5] [15,4] [15,3] [14,3] [13,3] [13,2] [13,1] [14,1] [15,1] [16,1] [17,1] [17,2] [17,3] [18,3] [19,3] [19,4] [19,5] [19,6] [19,7] [18,7] [17,7] [16,7] [15,7] [15,8] [15,9] [16,9] [17,9] [18,9] [19,9] [19,10] [19,11] [19,12] [19,13] [19,14] [19,15] [19,16] [19,17] [19,18] [19,19] [19,20] [19,21] [19,22] [19,23] [18,23] [17,23] [17,22] [17,21] [16,21] [15,21] [14,21] [13,21] [12,21] [11,21] [10,21] [9,21] [8,21] [7,21] [7,22] [7,23] [6,23] [5,23] [5,24] [5,25] [6,25] [7,25] [8,25] [9,25] [9,26] [9,27] [8,27] [7,27] [6,27] [5,27] [4,27] [3,27] [2,27] [1,27] [1,28] [1,29] [2,29] [3,29] [3,30] [3,31] [3,32] [3,33] [3,34] [3,35] [4,35] [5,35] [5,34] [5,33] [5,32] [5,31] [5,30] [5,29] [6,29] [7,29] [8,29] [9,29] [10,29] [11,29] [12,29] [13,29] [13,30] [13,31] [13,32] [13,33] [14,33] [15,33] [16,33] [17,33] [17,34] [17,35] [17,36] [17,37] [18,37] [19,37] [19,38] [19,39] 
OK!

summary: 1 of 15 solved

read_us: 250523

KERNEL: panic [task 0] - execution aborted -> system halted.
