
KERNEL: booting...
===========================================================
HellfireOS v2.19.03 (4.9.3) [Jun 20 2019, 18:36:02]
Embedded Systems Group - GSE, PUCRS - [2007 - 2019]
===========================================================

arch:          mips/plasma
sys clk:       25000 kHz
time slice:    10480 us
heap size:     500000 bytes
max tasks:     30

HAL: _vm_init()
HAL: _sched_init()
HAL: _timer_init()
HAL: _irq_init()
HAL: _device_init()
KERNEL: this is core #5
KERNEL: NoC queue init, 64 packets
KERNEL: NoC driver registered
HAL: _task_init()
KERNEL: [idle task], id: 0, p:0, c:0, d:0, addr: 100002b4, sp: 10014398, ss: 1024 bytes[1,1] [2,1] [3,1] [3,2] [3,3] [2,3] [1,3] [1,4] [1,5] [2,5] [3,5] [3,6] [3,7] [3,8] [3,9] [4,9] [5,9] [5,10] [5,11] [4,11] [3,11] [2,11] [1,11] [1,12] [1,13] [1,14] [1,15] [2,15] [3,15] [3,16] [3,17] [2,17] [1,17] [1,18] [1,19] [1,20] [1,21] [1,22] [1,23] [2,23] [3,23] [4,23] [5,23] [5,24] [5,25] [5,26] [5,27] [5,28] [5,29] [6,29] [7,29] [7,28] [7,27] [7,26] [7,25] [8,25] [9,25] [9,26] [9,27] [9,28] [9,29] [10,29] [11,29] [11,28] [11,27] [12,27] [13,27] [13,28] [13,29] [14,29] [15,29] [16,29] [17,29] [17,30] [17,31] [17,32] [17,33] [16,33] [15,33] [14,33] [13,33] [13,34] [13,35] [13,36] [13,37] [14,37] [15,37] [16,37] [17,37] [17,36] [17,35] [18,35] [19,35] [19,36] [19,37] [19,38] [19,39] 
OK!

summary: 1 of 15 solved

read_us: 248327

KERNEL: panic [task 0] - execution aborted -> system halted.
