
KERNEL: booting...
===========================================================
HellfireOS v2.19.03 (4.9.3) [Jun 20 2019, 14:33:24]
Embedded Systems Group - GSE, PUCRS - [2007 - 2019]
===========================================================

arch:          mips/plasma
sys clk:       25000 kHz
time slice:    10480 us
heap size:     500000 bytes
max tasks:     30

HAL: _vm_init()
HAL: _sched_init()
HAL: _timer_init()
HAL: _irq_init()
HAL: _device_init()
KERNEL: this is core #3
KERNEL: NoC queue init, 64 packets
KERNEL: NoC driver registered
HAL: _task_init()
KERNEL: [idle task], id: 0, p:0, c:0, d:0, addr: 100002b4, sp: 100143b8, ss: 1024 bytes[1,1] [2,1] [3,1] [4,1] [5,1] [6,1] [7,1] [7,2] [7,3] [6,3] [5,3] [5,4] [5,5] [5,6] [5,7] [6,7] [7,7] [7,6] [7,5] [8,5] [9,5] [9,6] [9,7] [9,8] [9,9] [9,10] [9,11] [9,12] [9,13] [9,14] [9,15] [8,15] [7,15] [7,14] [7,13] [7,12] [7,11] [7,10] [7,9] [6,9] [5,9] [4,9] [3,9] [3,10] [3,11] [2,11] [1,11] [1,12] [1,13] [2,13] [3,13] [4,13] [5,13] [5,14] [5,15] [4,15] [3,15] [2,15] [1,15] [1,16] [1,17] [2,17] [3,17] [4,17] [5,17] [5,18] [5,19] [6,19] [7,19] [8,19] [9,19] 
OK!
[1,1] [2,1] [3,1] [4,1] [5,1] [6,1] [7,1] [8,1] [9,1] [10,1] [11,1] [12,1] [13,1] [14,1] [15,1] [16,1] [17,1] [17,2] [17,3] [18,3] [19,3] [19,2] [19,1] [20,1] [21,1] [22,1] [23,1] [23,2] [23,3] [22,3] [21,3] [21,4] [21,5] [22,5] [23,5] [24,5] [25,5] [25,4] [25,3] [26,3] [27,3] [27,4] [27,5] [27,6] [27,7] [28,7] [29,7] [29,8] [29,9] [29,10] [29,11] [29,12] [29,13] [28,13] [27,13] [26,13] [25,13] [25,14] [25,15] [24,15] [23,15] [23,16] [23,17] [23,18] [23,19] [24,19] [25,19] [25,18] [25,17] [26,17] [27,17] [27,18] [27,19] [27,20] [27,21] [28,21] [29,21] [29,22] [29,23] [28,23] [27,23] [26,23] [25,23] [24,23] [23,23] [23,22] [23,21] [22,21] [21,21] [20,21] [19,21] [19,22] [19,23] [18,23] [17,23] [17,24] [17,25] [16,25] [15,25] [14,25] [13,25] [12,25] [11,25] [11,26] [11,27] [12,27] [13,27] [14,27] [15,27] [16,27] [17,27] [17,28] [17,29] [17,30] [17,31] [16,31] [15,31] [15,30] [15,29] [14,29] [13,29] [13,30] [13,31] [13,32] [13,33] [12,33] [11,33] [11,34] [11,35] [12,35] [13,35] [13,36] [13,37] [13,38] [13,39] [14,39] [15,39] [15,40] [15,41] [15,42] [15,43] [15,44] [15,45] [14,45] [13,45] [13,44] [13,43] [12,43] [11,43] [11,42] [11,41] [11,40] [11,39] [11,38] [11,37] [10,37] [9,37] [8,37] [7,37] [7,38] [7,39] [7,40] [7,41] [7,42] [7,43] [6,43] [5,43] [4,43] [3,43] [2,43] [1,43] [1,44] [1,45] [2,45] [3,45] [3,46] [3,47] [2,47] [1,47] [1,48] [1,49] [2,49] [3,49] [4,49] [5,49] [5,48] [5,47] [5,46] [5,45] [6,45] [7,45] [8,45] [9,45] [10,45] [11,45] [11,46] [11,47] [12,47] [13,47] [14,47] [15,47] [15,48] [15,49] [16,49] [17,49] [17,48] [17,47] [18,47] [19,47] [20,47] [21,47] [22,47] [23,47] [23,46] [23,45] [22,45] [21,45] [20,45] [19,45] [18,45] [17,45] [17,44] [17,43] [18,43] [19,43] [19,42] [19,41] [20,41] [21,41] [22,41] [23,41] [24,41] [25,41] [26,41] [27,41] [27,42] [27,43] [28,43] [29,43] [29,44] [29,45] [28,45] [27,45] [27,46] [27,47] [28,47] [29,47] [29,48] [29,49] 
OK!

summary: 2 of 15 solved

read_us: 848872

KERNEL: panic [task 0] - execution aborted -> system halted.
