
KERNEL: booting...
===========================================================
HellfireOS v2.19.03 (4.9.3) [Jun 20 2019, 14:33:42]
Embedded Systems Group - GSE, PUCRS - [2007 - 2019]
===========================================================

arch:          mips/plasma
sys clk:       25000 kHz
time slice:    10480 us
heap size:     500000 bytes
max tasks:     30

HAL: _vm_init()
HAL: _sched_init()
HAL: _timer_init()
HAL: _irq_init()
HAL: _device_init()
KERNEL: this is core #6
KERNEL: NoC queue init, 64 packets
KERNEL: NoC driver registered
HAL: _task_init()
KERNEL: [idle task], id: 0, p:0, c:0, d:0, addr: 100002b4, sp: 100143b8, ss: 1024 bytes[1,1] [1,2] [1,3] [2,3] [3,3] [3,4] [3,5] [4,5] [5,5] [6,5] [7,5] [8,5] [9,5] [9,6] [9,7] [8,7] [7,7] [7,8] [7,9] [7,10] [7,11] [8,11] [9,11] [10,11] [11,11] [12,11] [13,11] [13,10] [13,9] [12,9] [11,9] [11,8] [11,7] [11,6] [11,5] [11,4] [11,3] [11,2] [11,1] [12,1] [13,1] [13,2] [13,3] [13,4] [13,5] [14,5] [15,5] [15,4] [15,3] [15,2] [15,1] [16,1] [17,1] [17,2] [17,3] [17,4] [17,5] [17,6] [17,7] [17,8] [17,9] [18,9] [19,9] [19,10] [19,11] [18,11] [17,11] [16,11] [15,11] [15,12] [15,13] [16,13] [17,13] [18,13] [19,13] [19,14] [19,15] [19,16] [19,17] [18,17] [17,17] [16,17] [15,17] [14,17] [13,17] [12,17] [11,17] [10,17] [9,17] [8,17] [7,17] [7,16] [7,15] [6,15] [5,15] [5,14] [5,13] [5,12] [5,11] [4,11] [3,11] [3,10] [3,9] [2,9] [1,9] [1,10] [1,11] [1,12] [1,13] [1,14] [1,15] [1,16] [1,17] [1,18] [1,19] [1,20] [1,21] [2,21] [3,21] [3,20] [3,19] [4,19] [5,19] [5,20] [5,21] [5,22] [5,23] [6,23] [7,23] [8,23] [9,23] [9,22] [9,21] [10,21] [11,21] [12,21] [13,21] [13,20] [13,19] [14,19] [15,19] [16,19] [17,19] [17,20] [17,21] [16,21] [15,21] [15,22] [15,23] [14,23] [13,23] [12,23] [11,23] [11,24] [11,25] [12,25] [13,25] [13,26] [13,27] [13,28] [13,29] [12,29] [11,29] [11,30] [11,31] [12,31] [13,31] [13,32] [13,33] [12,33] [11,33] [10,33] [9,33] [9,34] [9,35] [10,35] [11,35] [12,35] [13,35] [14,35] [15,35] [15,34] [15,33] [15,32] [15,31] [16,31] [17,31] [17,32] [17,33] [17,34] [17,35] [18,35] [19,35] [19,36] [19,37] [18,37] [17,37] [17,38] [17,39] [18,39] [19,39] 
OK!

summary: 1 of 15 solved

read_us: 250765

KERNEL: panic [task 0] - execution aborted -> system halted.
