
KERNEL: booting...
===========================================================
HellfireOS v2.19.03 (4.9.3) [Jun 20 2019, 14:33:54]
Embedded Systems Group - GSE, PUCRS - [2007 - 2019]
===========================================================

arch:          mips/plasma
sys clk:       25000 kHz
time slice:    10480 us
heap size:     500000 bytes
max tasks:     30

HAL: _vm_init()
HAL: _sched_init()
HAL: _timer_init()
HAL: _irq_init()
HAL: _device_init()
KERNEL: this is core #8
KERNEL: NoC queue init, 64 packets
KERNEL: NoC driver registered
HAL: _task_init()
KERNEL: [idle task], id: 0, p:0, c:0, d:0, addr: 100002b4, sp: 100143b8, ss: 1024 bytes[1,1] [2,1] [3,1] [3,2] [3,3] [2,3] [1,3] [1,4] [1,5] [1,6] [1,7] [1,8] [1,9] [1,10] [1,11] [1,12] [1,13] [2,13] [3,13] [4,13] [5,13] [6,13] [7,13] [7,12] [7,11] [7,10] [7,9] [8,9] [9,9] [9,10] [9,11] [10,11] [11,11] [12,11] [13,11] [13,12] [13,13] [13,14] [13,15] [14,15] [15,15] [15,16] [15,17] [15,18] [15,19] [15,20] [15,21] [16,21] [17,21] [17,20] [17,19] [17,18] [17,17] [17,16] [17,15] [18,15] [19,15] [19,16] [19,17] [19,18] [19,19] [19,20] [19,21] [19,22] [19,23] [19,24] [19,25] [18,25] [17,25] [17,26] [17,27] [17,28] [17,29] [17,30] [17,31] [16,31] [15,31] [15,32] [15,33] [14,33] [13,33] [13,34] [13,35] [14,35] [15,35] [16,35] [17,35] [18,35] [19,35] [19,36] [19,37] [19,38] [19,39] 
OK!

summary: 1 of 15 solved

read_us: 248313

KERNEL: panic [task 0] - execution aborted -> system halted.
