
KERNEL: booting...
===========================================================
HellfireOS v2.19.03 (4.9.3) [Jun 20 2019, 13:59:12]
Embedded Systems Group - GSE, PUCRS - [2007 - 2019]
===========================================================

arch:          mips/plasma
sys clk:       25000 kHz
time slice:    10480 us
heap size:     500000 bytes
max tasks:     30

HAL: _vm_init()
HAL: _sched_init()
HAL: _timer_init()
HAL: _irq_init()
HAL: _device_init()
KERNEL: this is core #0
KERNEL: NoC queue init, 64 packets
KERNEL: NoC driver registered
HAL: _task_init()
KERNEL: [idle task], id: 0, p:0, c:0, d:0, addr: 100002b4, sp: 100143b8, ss: 1024 bytes[1,1] [1,2] [1,3] [1,4] [1,5] [2,5] [3,5] [4,5] [5,5] [6,5] [7,5] [7,6] [7,7] [8,7] [9,7] [9,8] [9,9] [8,9] [7,9] [6,9] [5,9] [4,9] [3,9] [3,8] [3,7] [2,7] [1,7] [1,8] [1,9] [1,10] [1,11] [2,11] [3,11] [3,12] [3,13] [2,13] [1,13] [1,14] [1,15] [2,15] [3,15] [4,15] [5,15] [6,15] [7,15] [8,15] [9,15] [9,16] [9,17] [9,18] [9,19] 
OK!
[1,1] [2,1] [3,1] [3,2] [3,3] [2,3] [1,3] [1,4] [1,5] [2,5] [3,5] [4,5] [5,5] [5,6] [5,7] [5,8] [5,9] [6,9] [7,9] [7,10] [7,11] [8,11] [9,11] [10,11] [11,11] [11,10] [11,9] [12,9] [13,9] [13,10] [13,11] [13,12] [13,13] [14,13] [15,13] [16,13] [17,13] [17,14] [17,15] [18,15] [19,15] [19,16] [19,17] [19,18] [19,19] [18,19] [17,19] [16,19] [15,19] [14,19] [13,19] [12,19] [11,19] [10,19] [9,19] [8,19] [7,19] [7,20] [7,21] [6,21] [5,21] [5,22] [5,23] [6,23] [7,23] [7,24] [7,25] [7,26] [7,27] [8,27] [9,27] [9,28] [9,29] [8,29] [7,29] [7,30] [7,31] [8,31] [9,31] [9,32] [9,33] [10,33] [11,33] [12,33] [13,33] [13,34] [13,35] [12,35] [11,35] [10,35] [9,35] [9,36] [9,37] [9,38] [9,39] [10,39] [11,39] [11,38] [11,37] [12,37] [13,37] [13,38] [13,39] [14,39] [15,39] [15,38] [15,37] [15,36] [15,35] [15,34] [15,33] [16,33] [17,33] [17,32] [17,31] [16,31] [15,31] [14,31] [13,31] [13,30] [13,29] [12,29] [11,29] [11,28] [11,27] [11,26] [11,25] [12,25] [13,25] [13,26] [13,27] [14,27] [15,27] [15,26] [15,25] [16,25] [17,25] [17,26] [17,27] [17,28] [17,29] [18,29] [19,29] [19,30] [19,31] [19,32] [19,33] [19,34] [19,35] [18,35] [17,35] [17,36] [17,37] [17,38] [17,39] [18,39] [19,39] 
OK!

summary: 2 of 15 solved

read_us: 269284

KERNEL: panic [task 0] - execution aborted -> system halted.
