
KERNEL: booting...
===========================================================
HellfireOS v2.19.03 (4.9.3) [Jun 20 2019, 13:59:23]
Embedded Systems Group - GSE, PUCRS - [2007 - 2019]
===========================================================

arch:          mips/plasma
sys clk:       25000 kHz
time slice:    10480 us
heap size:     500000 bytes
max tasks:     30

HAL: _vm_init()
HAL: _sched_init()
HAL: _timer_init()
HAL: _irq_init()
HAL: _device_init()
KERNEL: this is core #2
KERNEL: NoC queue init, 64 packets
KERNEL: NoC driver registered
HAL: _task_init()
KERNEL: [idle task], id: 0, p:0, c:0, d:0, addr: 100002b4, sp: 100143b8, ss: 1024 bytes[1,1] [2,1] [3,1] [3,2] [3,3] [3,4] [3,5] [4,5] [5,5] [5,4] [5,3] [6,3] [7,3] [7,2] [7,1] [8,1] [9,1] [9,2] [9,3] [9,4] [9,5] [9,6] [9,7] [9,8] [9,9] [9,10] [9,11] [8,11] [7,11] [7,12] [7,13] [8,13] [9,13] [9,14] [9,15] [8,15] [7,15] [6,15] [5,15] [4,15] [3,15] [3,16] [3,17] [3,18] [3,19] [4,19] [5,19] [6,19] [7,19] [8,19] [9,19] 
OK!
[1,1] [2,1] [3,1] [3,2] [3,3] [2,3] [1,3] [1,4] [1,5] [2,5] [3,5] [3,6] [3,7] [3,8] [3,9] [3,10] [3,11] [4,11] [5,11] [6,11] [7,11] [8,11] [9,11] [9,12] [9,13] [8,13] [7,13] [7,14] [7,15] [7,16] [7,17] [6,17] [5,17] [5,16] [5,15] [5,14] [5,13] [4,13] [3,13] [3,14] [3,15] [2,15] [1,15] [1,16] [1,17] [2,17] [3,17] [3,18] [3,19] [2,19] [1,19] [1,20] [1,21] [2,21] [3,21] [3,22] [3,23] [3,24] [3,25] [4,25] [5,25] [6,25] [7,25] [7,26] [7,27] [8,27] [9,27] [9,28] [9,29] [8,29] [7,29] [6,29] [5,29] [4,29] [3,29] [2,29] [1,29] [1,30] [1,31] [2,31] [3,31] [4,31] [5,31] [6,31] [7,31] [8,31] [9,31] [10,31] [11,31] [11,32] [11,33] [10,33] [9,33] [8,33] [7,33] [7,34] [7,35] [7,36] [7,37] [7,38] [7,39] [6,39] [5,39] [5,40] [5,41] [6,41] [7,41] [7,42] [7,43] [7,44] [7,45] [8,45] [9,45] [9,46] [9,47] [8,47] [7,47] [7,48] [7,49] [8,49] [9,49] [10,49] [11,49] [12,49] [13,49] [14,49] [15,49] [16,49] [17,49] [18,49] [19,49] [19,48] [19,47] [18,47] [17,47] [16,47] [15,47] [14,47] [13,47] [12,47] [11,47] [11,46] [11,45] [12,45] [13,45] [14,45] [15,45] [16,45] [17,45] [18,45] [19,45] [19,44] [19,43] [18,43] [17,43] [16,43] [15,43] [15,42] [15,41] [14,41] [13,41] [13,40] [13,39] [12,39] [11,39] [10,39] [9,39] [9,38] [9,37] [9,36] [9,35] [10,35] [11,35] [11,36] [11,37] [12,37] [13,37] [13,36] [13,35] [14,35] [15,35] [15,36] [15,37] [16,37] [17,37] [17,36] [17,35] [18,35] [19,35] [20,35] [21,35] [21,34] [21,33] [21,32] [21,31] [22,31] [23,31] [23,32] [23,33] [23,34] [23,35] [24,35] [25,35] [26,35] [27,35] [27,36] [27,37] [28,37] [29,37] [29,38] [29,39] [28,39] [27,39] [26,39] [25,39] [24,39] [23,39] [22,39] [21,39] [20,39] [19,39] [19,40] [19,41] [20,41] [21,41] [22,41] [23,41] [23,42] [23,43] [24,43] [25,43] [25,42] [25,41] [26,41] [27,41] [28,41] [29,41] [29,42] [29,43] [28,43] [27,43] [27,44] [27,45] [27,46] [27,47] [27,48] [27,49] [28,49] [29,49] 
OK!

summary: 2 of 15 solved

read_us: 848337

KERNEL: panic [task 0] - execution aborted -> system halted.
